3027.5 0.141 125 223 1
4607.5 1.583 5 9 2
5646.0 0.352 10 20 3
4644.0 0.289 16 28 4
5730.999999999987 4.384 19 40 5
7566.5 0.776 24 40 6
8901.0 7.146 35 57 7
10404.5 2.339 41 77 8
11417.5 3.237 52 81 9
11451.0 3.108 56 103 10
14845.0 5.399 69 118 11
16161.5 4.812 80 134 12
17867.0 5.61 83 165 13
16535.0 7.027 100 175 14
20374.50000000088 7.456 103 185 15
2174.0 0.428 113 207 1
3053.5 0.221 5 7 2
5242.0 2.602 9 13 3
6586.999999999999 1.232 18 30 4
5724.5 1.769 22 33 5
8525.5 2.085 30 41 6
11029.5 4.304 34 61 7
10442.5 1.165 44 74 8
14558.0 10.843 51 88 9
11728.5 4.969 62 100 10
11991.5 5.202 72 112 11
21081.0 5.406 76 138 12
12385.5 5.148 88 164 13
14973.5 14.053 95 176 14
22243.5 10.505 108 196 15
3212.0 0.175 112 219 1
3745.0 0.421 5 10 2
5412.0 0.34 11 18 3
6744.499999999997 5.511 16 24 4
6566.5 0.558 22 33 5
5431.5 1.253 30 44 6
7814.5 1.457 35 50 7
11804.0 1.761 45 80 8
12559.5 5.733 49 92 9
11400.0 4.138 60 97 10
12772.5 5.707 72 120 11
16511.5 2.992 76 125 12
13975.0 6.333 91 161 13
16397.0 6.227 101 178 14
19125.5 6.054 107 197 15
1577.5 0.18 112 222 1
3617.5 0.216 5 8 2
3756.0 0.663 11 19 3
5910.5 0.322 17 24 4
7696.0 1.104 21 36 5
6980.5 2.938 24 48 6
8536.0 1.963 38 65 7
10402.0 4.222 39 78 8
12352.0 4.356 47 83 9
10493.5 3.692 61 98 10
14658.0 4.816 71 114 11
15482.5 9.487 79 139 12
12970.5 6.024 85 158 13
17221.0 5.009 92 176 14
19705.5 20.797 107 193 15
1993.0 0.207 120 211 1
1884.5 0.231 5 9 2
3853.5 0.403 12 11 3
4301.0 0.893 14 24 4
5904.5 1.688 20 38 5
6358.5 5.708 26 44 6
7558.0 1.14 38 59 7
11278.0 2.493 42 71 8
9694.5 9.845 52 86 9
10747.5 5.683 65 106 10
10026.5 4.134 66 115 11
14181.0 4.851 72 129 12
11921.0 8.809 91 149 13
19548.5 11.649 100 166 14
17932.5 5.533 103 187 15
1847.5 0.48 116 205 1
3609.0 0.272 7 6 2
3022.5 0.297 10 15 3
6832.0 0.638 18 27 4
5730.5 0.576 23 37 5
4663.5 1.217 27 44 6
9120.0 0.798 33 54 7
9827.5 2.181 42 71 8
8239.0 2.718 53 94 9
10061.0 2.655 64 100 10
12718.5 4.593 71 117 11
15674.5 8.056 72 144 12
17860.0 15.416 89 162 13
17718.0 5.724 92 170 14
16112.0 24.689 110 202 15
2669.5 0.302 130 215 1
2815.5 0.222 5 10 2
3894.5 0.747 9 10 3
4770.0 0.413 18 28 4
5987.0 0.876 23 37 5
8825.0 1.29 30 44 6
8925.0 0.756 33 51 7
11104.0 2.29 43 75 8
9120.5 2.599 46 94 9
12130.5 2.127 63 105 10
12466.0 4.619 72 117 11
14469.0 5.747 80 144 12
14180.5 4.485 85 164 13
17242.0 5.298 92 168 14
18241.0 6.558 102 197 15
2309.5 0.44 131 225 1
2840.0 0.242 6 9 2
3780.5 0.302 12 15 3
7994.5 0.641 17 30 4
5790.0 0.494 23 35 5
8470.499999999995 1.752 24 44 6
7931.0 0.897 33 63 7
10018.5 1.894 42 66 8
12139.0 3.48 48 93 9
10904.0 3.562 60 99 10
13012.0 3.503 67 121 11
12110.0 4.613 80 133 12
18118.0 10.705 91 152 13
19655.5 15.118 99 182 14
23243.5 7.16 104 202 15
2440.5 0.224 124 208 1
3011.5 0.709 5 10 2
3280.999999999983 1.538 11 15 3
8178.999999999755 2.181 17 20 4
6143.5 0.487 23 34 5
8233.5 1.571 29 40 6
8221.5 1.062 36 59 7
12995.0 3.983 39 80 8
10405.5 3.792 47 87 9
12710.5 3.441 65 98 10
13355.0 5.552 67 110 11
15476.0 6.547 75 141 12
17233.5 5.13 85 158 13
20074.5 5.384 101 172 14
21154.5 21.344 110 204 15
1774.0 0.169 128 205 1
3226.0 0.452 7 8 2
6170.0 0.672 9 18 3
5457.0 0.706 14 24 4
9719.0 1.109 20 35 5
6524.5 2.731 24 47 6
8402.0 1.694 36 56 7
11550.5 3.065 45 69 8
13061.5 1.436 46 94 9
11770.0 2.0 62 103 10
14520.5 3.884 69 121 11
13827.0 6.956 75 129 12
20080.00000000004 5.239 82 160 13
16053.5 10.149 101 182 14
20464.5 14.753 110 191 15
2059.5 0.307 124 213 1
3927.5 0.569 5 9 2
3384.0 0.803 11 20 3
5649.499999999998 2.337 18 20 4
7425.5 1.252 19 35 5
6546.0 1.758 25 50 6
9344.5 3.389 37 52 7
7365.0 1.631 40 80 8
12155.0 1.22 48 81 9
11646.0 3.485 55 105 10
12406.49999999999 3.608 72 120 11
16689.0 5.926 75 140 12
15475.0 5.137 84 165 13
15917.5 36.725 94 171 14
19596.99999999999 5.907 111 205 15
2220.5 0.231 113 209 1
4468.0 0.501 5 10 2
3616.0 0.245 11 20 3
6932.5 1.259 13 27 4
4756.0 1.798 19 39 5
9606.5 1.583 25 42 6
9943.5 4.497 32 61 7
8735.5 3.091 42 73 8
14780.0 2.904 51 86 9
10481.0 3.632 58 105 10
17468.0 3.618 71 120 11
14717.5 4.884 76 127 12
17564.5 5.936 89 160 13
21912.0 5.815 93 175 14
20784.0 6.432 105 195 15
2138.0 0.439 118 207 1
4288.0 0.243 6 9 2
3179.500000000001 0.875 9 16 3
4844.0 0.756 14 23 4
8096.999999999991 1.16 23 37 5
6045.5 0.529 28 48 6
10795.5 2.784 37 50 7
13980.0 4.789 40 78 8
8814.0 2.865 47 84 9
14964.5 3.314 61 102 10
15146.5 3.434 67 110 11
16217.0 20.443 79 145 12
13466.0 9.583 87 163 13
17327.0 10.064 99 172 14
17826.5 13.996 107 193 15
2678.5 0.224 119 207 1
2334.0 0.199 6 10 2
3651.0 0.296 8 11 3
5650.5 0.346 17 21 4
6930.5 0.915 23 35 5
7055.0 0.751 25 50 6
7570.0 1.127 35 64 7
11376.0 1.502 43 79 8
9560.5 2.418 50 95 9
12255.0 3.63 62 110 10
15526.0 3.502 69 115 11
12106.5 4.914 78 142 12
15418.0 6.855 87 147 13
17803.5 7.519 97 181 14
21317.5 6.136 103 197 15
2024.0 0.166 116 223 1
2092.0 0.528 7 8 2
3255.0 0.802 12 14 3
3834.0 1.311 15 23 4
6655.499999999998 2.053 21 35 5
5337.5 0.904 29 49 6
9149.0 1.867 38 55 7
10250.0 3.633 45 77 8
10837.0 3.126 47 83 9
11669.5 3.72 57 108 10
12296.0 5.053 71 125 11
13602.0 4.669 80 130 12
14372.0 3.644 87 151 13
19319.0 4.171 96 178 14
17993.99999999992 7.008 102 195 15
1651.0 0.296 112 212 1
5204.0 0.278 6 8 2
3621.5 0.228 8 19 3
4955.499999999998 0.29 18 22 4
3777.0 0.735 21 35 5
7182.5 4.403 30 40 6
9668.0 2.731 37 52 7
9830.5 2.047 44 79 8
10692.5 2.409 47 85 9
12375.5 1.911 57 98 10
10748.5 3.292 70 122 11
15395.99999999995 3.954 75 133 12
14545.5 9.468 86 161 13
15273.0 5.655 101 180 14
16759.5 5.172 110 189 15
2999.0 0.261 121 223 1
3501.5 0.653 5 9 2
5005.0 0.565 12 15 3
5674.5 0.437 15 23 4
7018.999999999992 3.83 20 39 5
9161.5 2.182 28 49 6
8012.0 3.329 37 52 7
8469.500000000016 1.104 43 71 8
9403.5 2.744 53 86 9
14811.0 3.65 61 98 10
11326.0 4.132 66 125 11
12847.5 6.587 78 134 12
15984.50000000002 5.228 89 153 13
18894.0 10.189 98 178 14
17080.5 7.379 105 192 15
2669.5 0.493 127 212 1
4321.0 0.429 5 9 2
7036.999999999997 1.473 12 18 3
3734.0 0.326 15 29 4
9786.0 0.485 21 30 5
11385.5 1.385 24 50 6
8828.5 3.687 35 62 7
11467.0 1.887 43 68 8
10327.5 1.26 50 91 9
12385.5 3.522 55 104 10
13909.0 5.293 71 125 11
18181.5 9.538 80 136 12
15699.0 5.336 91 152 13
23915.0 5.655 101 183 14
16661.0 13.743 111 194 15
2025.0 0.183 120 223 1
3587.5 0.377 5 8 2
5091.5 0.211 9 15 3
4830.499999999999 2.187 14 30 4
6619.0 2.73 22 33 5
5779.0 1.327 28 41 6
9468.0 5.056 34 50 7
11108.5 3.796 40 75 8
10374.5 4.056 49 85 9
11028.0 3.79 56 99 10
12860.0 4.599 66 113 11
17714.0 17.533 78 144 12
20168.5 7.251 88 145 13
19262.0 4.264 98 176 14
20482.0 12.022 104 187 15
3602.5 0.129 118 222 1
3876.0 0.575 7 9 2
6966.499999999988 1.986 11 20 3
10127.49999999999 3.35 14 30 4
4812.0 0.344 19 39 5
6019.5 1.643 28 42 6
11733.0 2.767 37 52 7
9424.0 1.61 44 77 8
11913.5 3.667 49 86 9
10870.5 2.793 56 102 10
11258.5 8.03 66 112 11
13799.5 3.878 77 127 12
17145.5 4.833 91 155 13
16672.0 12.258 92 173 14
23380.99999999999 7.003 107 191 15
2553.0 0.409 123 222 1
3532.0 0.318 6 10 2
3236.0 0.434 11 18 3
3831.0 1.735 13 21 4
6051.5 0.722 22 34 5
7912.0 0.491 25 41 6
7877.0 1.326 36 55 7
9150.5 3.922 40 72 8
9166.5 2.27 46 89 9
12741.5 2.952 54 95 10
15784.5 5.386 69 122 11
15504.0 4.364 80 125 12
16766.5 7.091 87 160 13
16037.99999999997 5.064 92 185 14
23714.5 6.813 109 197 15
1591.0 0.334 127 214 1
2882.0 0.182 5 6 2
5056.5 0.316 10 16 3
7151.5 0.967 13 26 4
6167.5 2.215 19 34 5
6691.0 1.921 30 42 6
8065.0 1.45 37 61 7
9927.5 2.964 42 78 8
9083.000000000002 2.923 52 90 9
11268.5 8.275 60 97 10
11382.5 3.484 69 114 11
13892.5 5.997 76 128 12
13863.0 5.187 84 161 13
18231.0 12.661 93 168 14
16825.5 14.092 111 189 15
2625.5 0.458 123 217 1
3656.0 0.43 5 9 2
3179.5 0.702 9 15 3
3724.0 0.261 18 29 4
9204.5 1.031 20 30 5
7848.0 1.365 26 50 6
11321.0 1.04 37 55 7
9553.5 1.712 39 69 8
10046.0 1.568 53 95 9
12702.5 2.789 59 107 10
12604.0 3.792 70 117 11
16387.0 4.647 74 138 12
16586.0 7.477 90 147 13
19584.0 9.993 97 177 14
20585.49999999999 6.157 107 200 15
1434.0 0.541 124 210 1
2721.5 0.848 6 7 2
4962.0 0.827 9 10 3
6547.0 1.229 18 30 4
5269.499999999999 0.901 19 39 5
7653.0 3.393 25 45 6
8823.0 0.744 35 50 7
8726.000000000022 2.286 44 72 8
11941.5 2.4 47 84 9
14067.5 5.825 59 97 10
15010.5 4.635 67 115 11
18299.0 4.867 77 136 12
19359.5 5.333 86 162 13
18117.5 14.625 95 184 14
15222.49999999999 7.241 106 197 15
2151.0 0.239 130 218 1
2473.0 0.372 7 7 2
3474.0 0.329 8 12 3
5520.0 1.177 15 24 4
6993.0 0.63 23 36 5
5918.0 0.974 29 44 6
6232.0 0.88 35 55 7
11410.5 5.113 45 69 8
8445.5 1.78 51 90 9
10840.5 2.884 61 98 10
16880.0 4.975 66 116 11
19576.0 7.926 74 145 12
16419.99999999997 5.283 87 153 13
16636.0 7.795 93 170 14
17754.5 11.315 103 199 15
2132.0 0.277 118 211 1
4376.0 1.285 7 8 2
3576.0 0.312 12 19 3
5819.0 3.62 13 23 4
7182.5 2.723 19 35 5
8645.5 2.81 29 49 6
6898.0 2.55 33 56 7
12834.5 3.724 42 77 8
10164.5 5.067 50 95 9
9951.5 1.998 59 99 10
12149.0 4.669 68 124 11
17015.5 5.561 75 133 12
15665.99999999997 5.329 87 153 13
18201.5 7.309 92 183 14
19406.50000000001 7.118 109 200 15
1890.5 0.283 128 209 1
3123.0 0.462 6 8 2
4046.5 0.787 12 17 3
4547.999999999995 1.048 14 23 4
5258.5 1.598 21 31 5
9257.999999999993 3.181 29 49 6
8151.0 1.026 35 60 7
8521.500000000045 2.062 43 75 8
12338.5 2.98 50 94 9
12750.00000000012 3.186 58 107 10
17860.5 6.117 70 124 11
16097.0 9.847 74 141 12
16411.5 5.091 87 162 13
16273.5 5.026 101 182 14
18354.99999999993 7.094 108 189 15
1678.5 0.135 125 216 1
4433.999999999994 2.463 5 6 2
4354.5 0.638 8 17 3
5101.49999999999 2.241 17 27 4
4864.5 0.495 19 39 5
6555.5 3.473 27 40 6
10207.0 1.962 33 51 7
11810.5 9.106 39 75 8
9736.5 3.038 47 93 9
8749.999999999993 2.378 58 100 10
12772.5 2.244 68 113 11
16267.5 4.881 74 137 12
14447.5 7.923 91 165 13
15461.0 5.836 99 172 14
17645.00000000001 7.237 105 194 15
1359.0 0.19 114 223 1
4149.0 0.625 7 6 2
6377.0 0.607 12 16 3
4727.5 0.638 14 25 4
5433.999999999997 1.412 20 31 5
7135.5 1.245 24 44 6
7735.0 0.825 37 58 7
10126.5 2.925 39 66 8
10146.5 2.08 49 86 9
12459.0 3.059 56 102 10
11829.0 3.708 68 123 11
14603.0 5.478 77 127 12
18971.0 9.595 91 148 13
18047.5 9.736 97 185 14
24070.49999999999 5.424 106 198 15
1403.0 0.177 128 217 1
3005.5 0.738 5 6 2
4599.5 0.306 12 14 3
5401.999999999938 5.266 16 28 4
5045.5 0.455 23 39 5
8297.0 5.371 28 41 6
7434.0 1.839 35 54 7
12564.5 10.301 44 71 8
10290.5 1.395 53 84 9
11036.5 5.421 65 100 10
10535.99999999997 4.593 71 117 11
15281.0 7.042 76 129 12
14491.5 7.641 88 158 13
17786.0 7.209 97 174 14
18231.0 6.138 111 205 15
3463.0 0.533 130 210 1
4482.5 0.726 6 10 2
5658.0 2.18 9 13 3
5778.0 0.413 16 27 4
5762.0 0.988 21 35 5
7471.499999999998 5.122 24 46 6
8073.999999999998 1.924 37 52 7
11030.0 3.887 42 76 8
13068.0 3.671 50 94 9
12208.0 4.381 60 107 10
16313.0 7.496 71 113 11
17840.0 4.379 77 145 12
20080.5 6.456 88 156 13
18604.0 4.433 101 178 14
18794.0 40.661 105 190 15
2825.5 0.646 128 210 1
4337.5 0.269 7 9 2
4525.5 0.916 9 17 3
6721.499999998058 2.253 15 25 4
4763.0 0.583 20 40 5
8295.0 0.603 30 43 6
10018.0 2.436 32 64 7
10551.0 3.764 40 74 8
10108.5 2.753 51 90 9
10157.00000000003 3.998 54 102 10
11179.50000000005 4.087 71 125 11
13177.00000000005 9.989 81 144 12
15039.5 5.397 85 149 13
17153.5 6.544 92 169 14
18865.00000000005 7.43 106 203 15
1501.5 0.126 128 221 1
3999.0 2.278 7 7 2
4813.5 1.336 9 19 3
4946.0 2.448 15 25 4
7848.499999999996 4.631 19 36 5
5910.5 1.63 28 40 6
7364.499999999963 1.929 34 58 7
10865.5 4.506 40 68 8
10213.0 4.007 50 82 9
12558.99999999999 1.684 61 103 10
14232.5 5.534 69 124 11
16027.0 4.893 77 137 12
21098.5 6.379 82 153 13
18219.5 12.413 96 184 14
19588.49999999992 8.088 111 197 15
1725.5 0.154 116 207 1
5863.499999999999 1.437 7 9 2
3667.0 0.326 9 19 3
5305.0 0.988 14 25 4
5312.999999999999 2.704 21 31 5
6790.5 0.619 30 40 6
10305.0 1.801 38 65 7
8714.000000000002 0.97 43 75 8
13739.0 3.099 51 83 9
13002.0 3.058 58 105 10
14811.5 3.265 71 116 11
13908.5 4.362 73 132 12
19622.5 4.857 87 154 13
18375.5 7.7 95 172 14
19917.5 24.666 104 205 15
3100.5 0.206 116 211 1
3634.499999999491 2.047 5 8 2
4583.5 0.769 11 16 3
5258.0 0.57 18 24 4
6589.0 5.526 20 32 5
8824.5 1.86 28 42 6
8419.5 0.939 38 62 7
10398.0 1.083 40 75 8
12611.5 3.438 51 83 9
12903.0 14.868 58 103 10
15081.0 4.525 67 121 11
14283.0 9.298 72 127 12
20305.5 6.85 90 150 13
16357.0 7.146 93 177 14
20427.5 7.797 110 192 15
3647.5 0.202 125 211 1
1751.0 0.456 5 10 2
5260.0 0.759 12 10 3
4935.0 0.775 18 28 4
6115.0 1.463 20 32 5
8311.499999999822 3.158 26 44 6
7056.5 1.598 32 56 7
10125.0 3.185 40 65 8
11524.0 3.148 50 91 9
9127.0 3.868 55 103 10
13127.5 3.999 68 118 11
14316.5 5.188 77 137 12
17504.0 9.625 85 156 13
15472.5 6.103 100 180 14
18110.5 6.644 109 191 15
2122.5 0.146 131 206 1
2622.0 0.348 6 9 2
6155.0 0.811 12 12 3
6373.5 1.111 18 26 4
6215.999999999982 3.535 21 35 5
6588.0 4.58 27 43 6
10644.0 7.807 37 59 7
10961.50000000016 2.777 39 78 8
13137.5 3.351 49 92 9
11707.49999999999 4.157 56 108 10
14005.5 4.523 72 111 11
11624.5 5.443 81 144 12
15395.0 9.001 87 145 13
13887.5 8.331 94 172 14
14839.50000000015 8.134 111 187 15
1770.5 0.289 120 208 1
3898.5 0.428 5 6 2
4473.5 0.607 9 15 3
5203.5 0.626 16 28 4
5669.0 0.457 19 33 5
9277.0 2.211 27 44 6
8659.0 0.866 34 61 7
9887.500000000004 1.174 40 68 8
12671.00000000001 2.91 48 83 9
10819.0 1.766 63 110 10
17362.5 3.335 68 124 11
19813.0 6.139 76 138 12
13753.49999999999 4.899 83 159 13
16621.5 5.519 101 165 14
17200.0 9.708 111 189 15
1784.0 0.432 117 223 1
1995.5 0.489 6 6 2
5050.5 0.457 9 12 3
5551.0 0.649 13 22 4
6019.5 0.555 21 33 5
8326.0 1.162 26 45 6
8412.999999999993 1.981 36 65 7
8047.5 3.211 45 74 8
8713.5 3.188 52 81 9
10442.5 3.888 56 98 10
12583.5 3.981 72 110 11
14498.5 4.21 75 132 12
18209.0 4.038 90 152 13
15542.0 5.717 93 167 14
21808.0 11.492 106 196 15
1427.0 0.194 130 218 1
2997.5 0.467 7 8 2
4098.0 0.401 12 20 3
4827.5 1.55 18 22 4
6630.5 0.855 19 33 5
7701.500000000002 2.098 27 48 6
8087.5 2.882 35 53 7
7167.0 2.688 45 69 8
12690.5 2.952 49 87 9
10156.0 3.034 63 110 10
14383.0 2.244 66 112 11
14721.5 4.399 73 143 12
15945.0 5.846 83 149 13
15278.5 9.258 93 171 14
19343.5 26.375 111 189 15
2117.0 0.503 131 225 1
3036.0 0.546 6 8 2
5544.0 0.614 11 13 3
4884.5 0.716 15 28 4
6733.999999999982 4.333 21 33 5
7746.0 1.942 25 40 6
8209.5 2.613 37 57 7
12066.0 4.003 45 67 8
13440.0 4.028 48 90 9
12937.5 4.174 54 106 10
14361.50000000001 2.821 68 118 11
14332.0 4.671 80 143 12
16992.0 5.159 91 149 13
19836.5 11.554 99 181 14
17277.0 14.376 103 185 15
2134.5 0.206 125 223 1
1474.5 0.295 6 7 2
5746.499999999999 1.675 9 10 3
4090.5 0.309 17 30 4
4809.499999999997 3.417 20 34 5
8380.0 0.528 25 43 6
8243.0 1.244 35 64 7
9202.5 2.548 44 74 8
11585.5 4.783 53 85 9
10760.0 3.28 58 96 10
13011.0 3.284 67 113 11
17733.0 7.542 75 137 12
16585.0 5.327 91 152 13
16588.50000000001 5.601 95 183 14
20893.0 7.48 106 195 15
2278.0 0.248 125 224 1
3385.5 0.328 6 8 2
2754.0 0.416 11 12 3
7034.499999999998 3.171 17 20 4
4986.5 0.398 19 40 5
9386.0 0.531 26 43 6
8977.5 0.985 36 59 7
11909.5 1.013 45 71 8
13064.0 1.801 46 87 9
13720.5 9.979 57 106 10
12289.5 6.32 69 124 11
12864.5 5.951 76 126 12
13450.5 6.691 90 157 13
15923.0 5.674 94 172 14
21635.0 17.353 109 196 15
2993.0 0.173 114 213 1
2700.5 0.317 6 10 2
7135.499999999987 2.095 12 14 3
4239.0 0.518 16 30 4
5670.0 0.575 23 33 5
7946.0 1.604 25 43 6
7858.5 2.046 36 56 7
11548.5 3.423 43 78 8
10996.0 3.789 52 86 9
9526.99999999997 3.08 58 108 10
11886.5 3.563 70 118 11
16356.0 5.157 77 142 12
17050.5 5.731 86 146 13
16306.0 8.805 101 180 14
16756.0 6.378 108 200 15
1380.5 0.223 124 210 1
2734.0 0.304 7 6 2
3547.0 0.818 9 12 3
5329.5 1.504 15 22 4
7203.0 1.291 23 33 5
5150.0 0.932 28 47 6
9357.5 1.615 36 51 7
9086.5 2.945 39 78 8
8313.500000000004 1.965 51 85 9
13585.0 7.354 58 100 10
12651.0 3.606 67 116 11
16126.50000000001 4.031 73 136 12
17208.5 3.808 90 165 13
16574.5 4.917 93 171 14
20525.0 6.295 102 188 15
2311.0 0.375 112 217 1
3002.0 0.207 5 7 2
3103.0 0.26 9 20 3
4873.0 0.284 18 26 4
6845.499999999999 1.899 23 40 5
7001.5 0.697 26 47 6
6213.5 1.549 37 52 7
13097.5 8.736 43 66 8
10407.0 3.368 53 91 9
10345.5 3.433 59 103 10
12997.5 3.568 68 125 11
12731.5 5.594 77 134 12
16136.5 5.332 85 148 13
14232.0 5.571 97 183 14
21372.0 11.19 106 187 15
1821.0 0.162 114 223 1
4058.0 0.308 6 6 2
4796.5 0.265 10 18 3
5320.0 0.341 14 26 4
7486.0 3.316 20 36 5
7546.500000000003 0.653 30 45 6
9792.5 1.253 33 60 7
9653.5 2.218 41 73 8
9102.0 2.997 50 93 9
10992.5 3.973 65 100 10
16214.5 12.551 68 122 11
13229.5 5.296 79 129 12
16404.0 5.131 85 149 13
20669.5 10.682 94 179 14
18523.0 12.843 105 202 15
2383.0 0.19 118 222 1
4065.5 0.553 5 8 2
5498.5 1.572 9 19 3
4992.0 0.739 14 28 4
6214.5 0.355 23 36 5
7243.5 1.252 24 40 6
8047.5 4.75 37 53 7
9077.999999999998 1.827 44 72 8
11484.5 2.64 49 83 9
12727.0 3.082 54 109 10
13631.0 3.124 68 123 11
14178.0 5.095 72 133 12
15200.5 5.263 84 154 13
17907.0 9.44 97 185 14
19307.5 13.662 109 200 15
2555.999999999998 0.766 116 214 1
1409.0 0.29 7 8 2
3715.0 1.153 10 10 3
8236.5 0.246 14 20 4
5319.5 3.505 19 38 5
8508.999999999742 1.336 28 43 6
10105.0 6.535 32 54 7
10586.5 8.041 44 73 8
11314.0 3.404 48 88 9
11910.0 4.991 56 95 10
13884.0 8.261 72 125 11
16483.5 11.548 81 138 12
17256.0 15.74 87 163 13
15723.5 7.831 96 169 14
15106.0 16.598 110 187 15
1695.0 0.547 115 215 1
3024.5 0.198 5 7 2
5296.5 2.048 9 11 3
5042.5 1.113 18 29 4
5006.0 0.52 21 32 5
6578.5 0.65 29 45 6
6542.499999999998 1.791 33 55 7
9501.0 1.006 44 76 8
11912.5 3.045 46 80 9
11176.49999999999 2.789 65 107 10
15257.0 4.647 71 120 11
10849.0 5.404 79 142 12
13192.0 5.194 84 145 13
16012.5 5.073 101 176 14
21213.5 12.263 105 188 15
1630.0 0.484 117 219 1
2678.5 0.299 5 6 2
3713.0 0.586 12 17 3
3757.5 0.747 18 23 4
4946.5 0.627 21 31 5
7541.5 0.62 26 43 6
10140.5 0.762 32 62 7
11611.5 2.547 39 73 8
12853.5 3.279 47 92 9
9862.5 2.483 54 98 10
9917.999999999998 3.825 67 116 11
15230.5 4.387 73 127 12
16642.5 5.35 88 147 13
16113.5 14.21 93 176 14
17898.5 12.049 106 203 15
1487.5 0.497 119 208 1
3639.5 0.295 7 7 2
5044.5 0.462 11 17 3
7201.499999999991 5.019 16 27 4
7567.499999999997 4.979 20 37 5
6642.5 0.682 25 48 6
9060.0 2.227 38 63 7
8572.5 3.247 42 72 8
12157.0 1.983 48 90 9
12122.0 4.664 58 107 10
16107.0 5.063 67 111 11
15444.0 14.812 77 141 12
15759.0 6.043 90 164 13
15862.00000000005 6.333 94 173 14
17529.5 5.461 104 188 15
2612.5 0.178 123 211 1
3376.0 0.495 5 10 2
2858.0 0.707 12 18 3
6078.0 0.345 15 21 4
7174.5 1.242 23 31 5
5990.5 1.305 30 47 6
7957.0 0.855 35 61 7
9289.5 1.351 42 69 8
11725.0 2.794 48 88 9
14339.5 2.311 54 107 10
17773.5 4.199 67 113 11
12664.0 3.799 72 134 12
15948.5 4.149 86 157 13
18318.0 9.384 93 168 14
18813.5 6.006 107 200 15
2164.0 0.229 127 205 1
3458.5 0.47 5 8 2
3074.5 0.327 8 14 3
5347.0 0.378 13 24 4
6223.0 0.564 23 36 5
6155.5 0.543 24 49 6
13149.0 3.264 35 56 7
10115.0 1.603 41 77 8
12936.0 3.114 53 89 9
10370.5 3.474 56 100 10
12966.5 7.08 71 125 11
13280.0 6.966 79 134 12
16745.5 14.873 89 150 13
14655.0 9.228 100 167 14
19745.0 14.967 111 197 15
3111.5 0.175 123 210 1
4369.499999999999 0.938 5 10 2
4463.0 0.394 11 16 3
8416.0 0.831 16 29 4
5988.5 1.075 20 40 5
8327.0 1.496 28 41 6
8244.5 0.859 36 57 7
8235.500000000002 3.318 45 74 8
9542.0 3.109 53 86 9
11126.0 3.685 57 95 10
16281.5 4.818 68 124 11
15296.0 7.807 73 133 12
14884.0 7.16 82 160 13
19149.5 5.647 93 173 14
19443.5 6.209 104 193 15
1581.0 0.449 116 214 1
5170.0 0.147 7 6 2
2708.0 0.665 8 19 3
5943.5 2.092 18 22 4
6704.499999999995 3.705 22 38 5
5488.0 0.982 29 44 6
8029.0 1.703 34 54 7
9116.0 1.304 41 65 8
9291.0 6.826 48 85 9
10365.5 5.469 65 107 10
12802.5 9.261 69 110 11
12761.0 10.718 79 143 12
15287.0 12.134 89 150 13
15088.5 6.594 101 166 14
16858.5 18.097 103 195 15
1766.0 0.181 131 213 1
2993.499999999998 3.515 5 6 2
4086.499999999955 1.527 11 19 3
5949.5 4.349 17 23 4
4635.5 0.407 19 36 5
9549.5 5.419 28 40 6
7373.0 2.198 38 62 7
9163.5 4.673 40 69 8
8726.5 2.141 52 91 9
10198.0 4.186 60 98 10
13015.5 6.993 67 116 11
19752.5 14.664 72 132 12
17462.5 9.585 82 165 13
18199.0 24.873 95 183 14
14620.5 8.353 104 188 15
2254.5 0.145 128 211 1
2357.5 0.355 5 9 2
3943.0 0.253 9 10 3
5331.0 0.335 18 27 4
6516.499999999408 2.065 21 35 5
6849.0 1.181 24 43 6
7617.5 6.044 37 56 7
8990.0 2.168 43 74 8
9955.0 2.798 49 81 9
11739.0 10.679 58 101 10
16120.0 17.324 70 122 11
15016.0 4.368 78 139 12
14874.0 5.586 91 152 13
18259.5 6.054 97 183 14
20603.5 26.242 108 187 15
2466.5 0.422 113 223 1
3843.5 0.509 6 7 2
5267.999999996968 5.216 9 20 3
5536.5 1.212 15 24 4
9565.499999999998 8.469 22 36 5
7898.0 2.297 24 49 6
8318.5 2.775 34 65 7
7582.0 3.99 40 66 8
10008.0 4.996 48 82 9
13315.5 10.825 60 110 10
13059.5 6.982 72 120 11
15047.0 9.969 77 131 12
18221.5 5.56 91 155 13
16101.0 11.356 92 184 14
19412.0 8.483 107 188 15
1927.0 0.405 128 212 1
3130.0 0.172 6 7 2
4443.499999999999 3.39 10 15 3
6316.0 0.389 13 25 4
7241.5 1.917 23 36 5
8136.0 0.65 26 48 6
6958.5 0.832 35 57 7
9566.0 1.568 40 68 8
13330.0 4.579 46 90 9
14246.0 2.305 62 106 10
14172.0 4.17 69 124 11
11444.0 6.578 76 132 12
15253.5 4.461 85 145 13
15815.0 5.998 94 173 14
15206.5 14.572 109 205 15
1864.0 0.457 123 214 1
4366.5 0.748 7 7 2
5888.5 0.904 12 18 3
4483.0 0.325 15 29 4
5703.500000000001 1.747 19 30 5
6119.0 1.771 29 50 6
10178.5 6.805 33 57 7
11004.0 2.989 39 79 8
11524.5 6.244 47 81 9
12254.0 1.997 59 96 10
14738.5 8.668 68 123 11
14998.5 8.263 78 133 12
15039.0 21.29 83 152 13
19853.0 30.126 99 170 14
16332.5 8.739 103 190 15
2500.5 0.592 124 222 1
5423.0 0.745 6 10 2
4274.0 0.347 9 19 3
7688.5 2.217 14 24 4
5547.5 1.223 20 40 5
9149.0 8.355 29 48 6
7755.499999999998 0.922 33 59 7
15124.5 6.194 45 66 8
11917.5 8.009 46 90 9
14476.5 7.332 59 109 10
14792.5 6.444 71 111 11
14263.5 6.803 74 131 12
13675.0 9.783 82 154 13
14334.0 6.988 96 169 14
20508.0 12.185 109 185 15
2338.5 0.313 114 214 1
1792.0 0.468 5 10 2
3495.5 0.875 9 11 3
5653.0 1.162 16 27 4
6940.0 0.444 20 35 5
8344.5 2.866 26 41 6
7257.0 1.518 32 65 7
10335.0 2.252 42 76 8
11208.0 6.238 51 87 9
10454.0 2.444 54 103 10
12790.5 7.326 68 111 11
15306.0 16.29 80 144 12
16875.0 7.856 88 155 13
15868.0 5.812 94 168 14
19324.5 31.257 104 191 15
1947.5 0.592 121 205 1
1969.5 0.461 5 6 2
5168.000000000008 2.234 9 11 3
5121.999999999985 1.457 13 24 4
5049.999999999903 2.488 23 31 5
9705.0 2.003 27 43 6
8810.5 2.153 37 64 7
9231.5 3.623 42 71 8
10608.5 5.809 51 86 9
13048.5 5.496 59 100 10
12106.5 5.655 68 118 11
12834.0 6.473 72 128 12
13070.5 11.867 86 162 13
14140.00000000013 11.683 93 178 14
15640.5 13.966 103 189 15
3820.0 0.159 125 213 1
1269.0 0.163 5 10 2
4167.0 0.553 10 11 3
5372.0 0.911 14 23 4
5926.5 2.902 19 32 5
7192.499999999486 3.897 28 43 6
9914.5 0.843 36 63 7
11128.5 3.76 44 73 8
11187.5 3.94 46 89 9
11653.5 4.383 61 100 10
13481.0 5.631 66 116 11
16949.5 14.145 72 140 12
16211.0 8.842 83 152 13
18049.0 6.295 97 180 14
18660.99999999999 7.495 102 198 15
1583.0 0.401 127 215 1
2634.5 0.996 6 8 2
4668.999999999649 3.056 8 13 3
3501.0 0.851 17 24 4
8170.0 2.14 23 31 5
4921.5 1.464 28 44 6
8725.5 1.463 32 52 7
11170.0 1.422 45 77 8
11696.0 2.647 46 95 9
12506.5 5.758 54 95 10
16033.0 3.88 66 113 11
13898.5 6.39 80 125 12
13355.5 4.198 87 165 13
19338.5 9.791 92 175 14
17586.49999999998 7.401 106 203 15
2167.0 0.634 115 217 1
1638.5 0.443 7 6 2
4795.5 0.416 10 11 3
6342.5 0.442 14 26 4
6270.5 1.163 23 36 5
6133.0 1.369 30 49 6
9185.0 1.633 35 62 7
11510.0 1.035 40 73 8
11442.0 2.618 50 93 9
11017.0 3.048 61 110 10
16819.0 2.861 66 112 11
13719.5 9.553 77 140 12
15435.0 16.459 83 158 13
17648.5 5.333 92 171 14
17553.5 14.312 109 187 15
